0 0.00131558 -0.0678498
1 0.0287478 -0.0844455
-1 -0.0483198 -0.0778976
2 0.167783 0.194168
-2 -0.138776 0.185596
3 0.0426275 -0.277021
-3 -0.133005 -0.28883
4 -0.0912885 0.0239478
-4 0.127985 -0.0634328
5 -0.0599547 0.00314562
-5 0.00214992 -0.101549
6 -0.035035 -0.0181212
-6 0.0329745 -0.0181229
7 0.067736 0.0725569
-7 -0.0631763 -0.0386583
8 -0.00602982 -0.0290641
-8 -0.00815509 -0.0698091
9 -0.0281593 -0.0255405
-9 0.0382292 0.0223052
10 0.0359256 0.0254993
-10 -0.0260931 0.0521041
11 0.00137009 0.00149524
-11 -0.00946001 0.0138659
12 -0.0024245 -6.84583e-05
-12 0.00763803 0.0108035
13 0.0166422 -0.0252373
-13 0.0277105 0.0136738
14 -0.0108259 0.00805926
-14 0.00577337 0.0231831
15 0.00761014 0.017053
-15 -0.00658589 -0.00318057
16 0.00766684 -0.0189304
-16 0.00393529 -0.00442943
17 -0.000143997 -0.00804918
-17 -0.00247318 -0.00344663
18 -0.00222651 0.00148261
-18 -0.000772982 -0.0115542
19 -0.0123862 0.00100346
-19 0.0125344 0.00161941
20 0.00697309 0.00769485
-20 -0.00415304 0.00565464
21 0.00965527 -0.00314404
-21 0.00141922 -0.0107611
22 -0.00486915 0.000462467
-22 0.00920242 -0.000515825
23 0.000453231 0.000725815
-23 0.00553263 -0.00236443
24 0.00121559 0.00330829
-24 0.00406121 0.00419875
25 0.00475246 0.00104797
-25 -0.00477108 0.000650236
26 0.00111248 -0.00265653
-26 0.00113161 -0.00628906
27 -0.00213557 -0.000147068
-27 0.0040448 0.000810798
28 -0.000461037 0.00111041
-28 -0.00331206 0.00278003
29 0.000793646 0.00410647
-29 -0.000508723 0.000247925
30 0.00263149 -0.000385975
-30 -0.00461056 -0.000813421
31 -0.00226034 -0.00361023
-31 0.00110496 -0.00297337
32 -0.0008529 0.00233176
-32 0.000523319 0.00256231
33 -0.00035957 0.000526351
-33 -0.000637763 -0.00112999
34 -1.3422e-05 0.000223706
-34 -0.000113413 -0.000452989
35 0.00293037 -0.00148611
-35 -0.00128781 -0.00159003
36 -0.0022928 -0.0014505
-36 0.00169936 -0.00231534
37 -0.00173065 0.0016343
-37 0.000950976 0.00149432
38 0.00144388 -0.000360166
-38 -0.000857054 0.000555805
39 3.49902e-05 -0.000776033
-39 6.84775e-07 0.000595161
40 -0.000283258 1.15514e-05
-40 -0.00043604 -0.000381332
41 -0.000870038 -0.00145868
-41 0.00158453 0.00016539
42 -0.000478576 0.00144432
-42 0.000603268 0.00202364
43 0.00130251 -0.000243199
-43 -0.00112562 0.000116646
44 -0.00028096 -0.000560828
-44 0.000306997 0.000474611
45 0.000420196 0.000355164
-45 0.000489814 0.000499484
46 0.000150129 -0.000433538
-46 0.000279925 0.000529657
47 0.000225102 0.000413278
-47 0.000586054 0.00124787
48 0.00145001 -0.000291129
-48 -0.000729809 -0.000149589
49 -7.08471e-05 -0.000102647
-49 0.000845452 -0.00089836
50 0.000184292 -0.00045521
-50 8.37164e-06 0.000415457
51 0.000321229 -0.000745014
-51 0.000234981 -0.000574541
52 -0.000194555 0.000538026
-52 -8.19437e-05 -0.000377773
53 0.000130666 -0.000545429
-53 0.00042289 -0.000322998
54 -0.000140198 2.67188e-05
-54 0.000817553 2.8213e-05
55 0.000668739 0.000337036
-55 5.46921e-05 -0.000229375
56 -0.000268862 0.000205816
-56 0.000741344 -0.000233891
57 0.000265734 0.000194017
-57 0.000597508 -5.62953e-05
58 0.000277838 0.000310115
-58 0.000168887 0.000115961
59 7.98772e-05 9.80281e-05
-59 -4.81189e-05 3.5761e-05
60 0.000270321 0.00027115
-60 1.05061e-05 -0.00029091
61 0.000110431 3.69688e-05
-61 0.000252938 -0.000242151
62 -0.000141833 7.73082e-05
-62 -0.000453197 0.000353757
63 0.000106771 0.000652679
-63 -5.62285e-05 -8.10331e-05
64 0.000268768 1.60585e-05
-64 -0.00048417 -0.000163749
65 -0.000249154 -0.000399538
-65 -1.08638e-05 -0.000286143
66 9.44475e-06 0.000181119
-66 -0.000116703 0.000295888
67 -0.000159422 -2.54643e-05
-67 0.000105682 -0.000310214
68 -9.57737e-06 1.36084e-05
-68 -2.21463e-05 -7.10077e-05
69 0.000548668 -0.000354373
-69 -0.000274576 -0.000288294
70 -0.00045871 -0.000192902
-70 0.000319709 -0.000384528
71 -0.000343202 0.00025617
-71 0.000129511 0.000202154
72 0.000199709 -0.000109058
-72 -0.000123814 0.000119584
73 -1.66773e-07 -0.00018378
-73 1.98145e-05 0.000254476
74 -0.000135961 6.23485e-05
-74 -0.000125463 -7.25627e-05
75 -0.00018061 -0.000393835
